c
c - Source -
c
c  isotropic disk source
c
sdef cel=50001  erg=d1  rad=d2  ext=d3 axs=0 0 1                                                      
si1 h  1.00E-11 1.00E-10 5.00E-10 7.50000E-10 1.20E-09 1.50E-09                                  
       2.53E-08 3.00E-08 4.00000E-08 5.00E-08 7.00E-08
       1.00E-07 1.25E-07 1.75000E-07 3.50E-07 6.25E-07
       1.00E-06 1.30E-06 3.05000E-06 3.70E-05 1.55E-03
       1.30E-02 4.50E-02 2.70000E-01 7.50E-01 1.25E+00
       1.50E+00 3.00E+00 8.18730E+00 1.733E+01 2.00E+01
c                                                                       
sp1 0 6.219E-10  1.326E-08 1.544E-08 8.121E-08 6.891E-08 
      4.649E-05 1.396E-05 3.097E-05 3.070E-05 5.679E-05
      7.074E-05 4.798E-05 7.467E-05 1.579E-04 1.544E-04 
      1.457E-04 9.072E-05 3.568E-04 1.945E-03 9.246E-03 
      1.561E-02 2.050E-02 1.055E-01 2.006E-01 1.588E-01 
      6.385E-02 2.495E-01 1.675E-01 5.679E-03 7.510E-06 
si2   0.001 4.999                                                               
sp2   -21  1                                                                   
si3   0.001 1.399                                                               
sp3   0.0  1.0                                                                 
c
c      --------------------------------
c      Tally definitions    
c      --------------------------------
c   
c      Default Tally Energy struct: TSADS     binning
c   
c          e0 card: 30 grp bins  
c
e0     1.00E-10 5.00E-10 7.50000E-10 1.20E-09 1.50E-09                                  
       2.53E-08 3.00E-08 4.00000E-08 5.00E-08 7.00E-08
       1.00E-07 1.25E-07 1.75000E-07 3.50E-07 6.25E-07
       1.00E-06 1.30E-06 3.05000E-06 3.70E-05 1.55E-03
       1.30E-02 4.50E-02 2.70000E-01 7.50E-01 1.25E+00
       1.50E+00 3.00E+00 8.18730E+00 1.733E+01 2.00E+01
c
em0    2.7442E+01 1.1907E+01 8.4018E+00 6.7418E+00
       5.7230E+00 1.7866E+00 1.2661E+00 1.1284E+00
       9.9441E-01 8.6564E-01 7.3071E-01 6.3218E-01
       5.4031E-01 4.3596E-01 3.0822E-01 2.3671E-01
       1.9681E-01 1.4131E-01 6.9720E-02 1.6334E-02
       2.9608E-03 1.1013E-03 4.4001E-04 2.4074E-04
       2.1063E-04 2.1801E-04 2.0130E-04 1.2092E-04
       6.3609E-05 3.8294E-05
ctme  5    
rand  gen=2          
c      nps 1.0E10 
print
